46
45
52
48
46
50
61
55
48
42
45
50
52
59
59
54
45
48
56
51
54
46
44
53
66
51
48
52
57
62
72
66
62
49
47
48
51
50
56
57
56
68
63
64
66
62
63
63
67
73
71
68
65
54
54
54
53
58
67
70
70
64
73
61
68
68
70
76
65
61
65
66
71
73
80
71
73
68
55
53
52
62
74
59
57
61
65
62
64
73
76
59
60
62
68
68
69
67
68
68
72
80
68
65
66
67
70
71
69
72
71
72
72
69
71
79
79
76
75
80
76
72
64
67
71
74
71
73
70
77
79
76
76
79
72
67
74
74
71
69
73
77
80
78
81
82
79
71
78
79
78
75
78
76
75
77
78
80
81
81
82
80
85
86
85
86
87
86
87
86
86
85
86
86
85
84
83
86
86
87
84
85
85
87
88
90
89
90
89
90
89
87
90
89
91
89
90
88
88
89
89
89
89
89
90
90
89
84
83
86
85
87
88
87
87
88
88
89
89
89
89
91
92
90
92
87
78
74
77
80
81
84
78
78
83
86
85
84
84
82
83
82
83
84
86
84
83
84
84
86
87
86
86
82
81
82
84
84
83
85
85
87
88
87
86
82
85
87
79
70
74
77
75
72
70
72
75
81
84
84
76
74
71
68
71
76
79
77
81
85
84
84
84
74
65
64
70
77
77
76
76
74
75
76
73
81
81
74
71
68
68
66
66
63
64
65
67
65
69
73
71
70
66
52
51
61
69
62
61
61
62
66
65
64
55
53
58
51
51
50
51
48
44
40
44
59
57
64
50
50
59
55
32
34
47
57
59
60
72
74
77
69
73
60
52
64
