48
47
62
58
56
53
73
66
58
50
56
66
66
70
70
64
57
59
69
57
64
54
57
70
75
58
59
71
76
77
86
77
72
58
59
62
60
68
65
74
74
83
79
75
75
74
82
75
79
81
76
71
72
61
65
69
64
73
78
77
81
78
83
76
79
77
76
83
71
64
71
74
85
92
92
81
79
79
62
64
68
78
82
70
73
74
74
75
69
77
86
66
74
79
83
82
82
85
80
77
79
89
73
72
77
79
75
78
75
81
81
83
84
83
79
88
86
90
87
84
86
78
70
78
87
89
86
85
73
87
91
87
84
87
81
72
80
82
78
76
83
83
87
85
87
86
90
77
91
88
89
82
87
84
85
86
88
90
92
92
92
91
93
94
94
94
96
96
97
96
94
95
96
96
95
93
88
95
96
101
96
94
96
98
98
99
99
100
99
100
99
97
100
100
101
101
101
100
99
99
100
101
101
102
101
101
102
93
92
97
96
97
98
99
98
99
99
100
100
100
100
102
102
102
105
96
84
76
83
84
88
93
83
82
91
94
93
94
93
92
92
91
92
94
96
92
92
93
94
95
96
95
95
93
93
93
94
92
94
95
96
98
99
99
96
94
93
97
88
73
80
89
86
83
80
85
87
91
92
92
89
86
84
84
88
91
89
87
91
94
94
93
92
83
77
80
84
86
86
87
88
86
86
87
86
91
88
80
73
72
76
71
69
65
71
74
77
76
82
86
86
82
79
63
67
77
76
73
76
66
70
76
79
79
67
69
64
52
53
52
58
56
52
46
52
67
67
77
57
54
67
76
37
45
59
71
68
68
78
80
84
76
83
70
55
77
