44
42
41
37
36
46
49
44
38
33
34
34
38
47
48
43
32
36
43
45
43
37
31
35
56
43
36
32
38
46
58
54
51
39
34
33
39
32
46
39
38
52
47
52
57
50
43
50
54
64
66
65
57
47
42
38
41
42
55
62
59
49
62
45
57
58
64
68
59
58
59
57
56
54
67
61
67
56
47
42
35
45
65
48
41
48
56
48
58
68
66
51
45
44
53
53
55
48
55
58
65
70
62
58
54
54
64
64
63
62
60
60
60
55
63
70
72
62
63
75
66
66
57
55
54
59
56
60
67
67
66
65
68
71
63
62
67
65
64
61
62
70
72
71
74
77
68
65
65
70
66
67
68
68
65
67
68
70
69
70
71
69
76
77
76
78
78
75
76
76
77
75
75
76
75
75
77
76
75
72
71
76
74
76
78
80
79
79
79
79
78
77
79
77
80
77
78
76
76
78
77
77
76
76
78
78
76
75
74
75
74
76
78
75
75
76
76
77
77
77
78
79
81
78
79
77
71
71
71
75
74
75
73
73
75
77
76
74
75
72
73
73
73
74
75
75
73
75
73
77
78
77
77
71
69
70
74
76
72
75
75
75
76
75
75
70
76
77
70
67
67
65
63
60
59
58
62
70
75
76
63
61
58
52
53
61
68
67
71
75
74
75
75
65
53
47
55
67
67
64
64
61
64
65
60
71
73
68
68
63
59
61
62
60
56
55
57
54
56
59
55
58
52
41
35
44
62
51
46
55
53
56
51
49
42
37
51
49
49
47
43
39
36
33
35
50
46
50
43
45
51
34
26
23
35
43
50
52
65
68
70
62
62
49
49
51
